======================================================================
ANN ARCHITECTURE INVESTIGATION REPORT
======================================================================

Generated: 2025-11-06 18:17:25

OVERALL STATISTICS
----------------------------------------------------------------------
Total experiments run: 42
Unique architectures: 12
Best test loss: 7.409396
Worst test loss: 13.492930
Mean test loss: 10.417392
Std test loss: 1.521356

TOP 5 ARCHITECTURES
----------------------------------------------------------------------
            layers  test_loss  total_params  convergence_iteration
[8, 16, 16, 16, 1]   7.409396           705                    314
        [8, 16, 1]   8.113969           161                    245
      [8, 8, 8, 1]   8.295292           153                    208
    [8, 64, 64, 1]   8.347511          4801                    308
            [8, 1]   8.555707             9                     12


DEPTH EXPERIMENT
----------------------------------------------------------------------
          run_id  num_layers  total_params  initial_train_loss  final_train_loss  test_loss  improvement_percent  convergence_iteration  generalization_gap      depth  width
count  12.000000   12.000000     12.000000           12.000000         12.000000  12.000000            12.000000              12.000000           12.000000  12.000000    0.0
mean    1.000000    3.500000    327.000000           16.728149          6.883809   9.696509            57.885747             208.833333            2.812700   3.500000    NaN
std     0.852803    1.167748    277.717973            0.995780          2.579707   1.454330            18.939169             120.743781            3.504345   1.167748    NaN
min     0.000000    2.000000      9.000000           14.390349          5.098219   8.113969            22.545406              12.000000           -2.590279   2.000000    NaN
25%     0.000000    2.750000    123.000000           16.589546          5.385912   8.555708            56.712345             170.000000            1.379965   2.750000    NaN
50%     1.000000    3.500000    297.000000           17.072163          5.497603   9.569149            67.858520             254.500000            4.007695   3.500000    NaN
75%     2.000000    4.250000    501.000000           17.397581          7.287014  10.236463            68.788854             283.500000            4.681873   4.250000    NaN
max     2.000000    5.000000    705.000000           17.580700         11.145986  13.492930            69.932483             341.000000            8.091222   5.000000    NaN


WIDTH EXPERIMENT
----------------------------------------------------------------------
          run_id  num_layers  total_params  initial_train_loss  final_train_loss  test_loss  improvement_percent  convergence_iteration  generalization_gap  depth      width
count  15.000000        15.0     15.000000           15.000000         15.000000  15.000000            15.000000              15.000000           15.000000    0.0  15.000000
mean    1.000000         4.0   1365.000000           17.171232          5.707689  10.858191            66.758103             274.400000            5.150502    NaN  24.800000
std     0.845154         0.0   1842.604368            0.483384          0.589361   1.531132             3.340929              68.982192            1.806992    NaN  22.586975
min     0.000000         4.0     61.000000           15.877048          4.860412   8.295292            56.824722             160.000000            1.019791    NaN   4.000000
25%     0.000000         4.0    153.000000           16.945585          5.348507   9.623508            65.528958             220.500000            4.162401    NaN   8.000000
50%     1.000000         4.0    433.000000           17.351378          5.481665  11.016251            67.600812             296.000000            5.731886    NaN  16.000000
75%     2.000000         4.0   1377.000000           17.533136          5.977704  12.088157            68.519673             330.000000            6.558560    NaN  32.000000
max     2.000000         4.0   4801.000000           17.662110          7.327720  13.179706            71.422342             377.000000            7.167579    NaN  64.000000


SHAPE EXPERIMENT
----------------------------------------------------------------------
          run_id  num_layers  total_params  initial_train_loss  final_train_loss  test_loss  improvement_percent  convergence_iteration  generalization_gap  depth  width
count  15.000000        15.0     15.000000           15.000000         15.000000  15.000000            15.000000              15.000000           15.000000    0.0    0.0
mean    1.000000         5.0   1775.400000           17.513615          5.730973  10.553299            67.272238             299.133333            4.822326    NaN    NaN
std     0.845154         0.0   1083.035733            0.107664          0.311250   1.448667             1.856152              43.150677            1.503302    NaN    NaN
min     0.000000         5.0    705.000000           17.301620          5.183045   7.409396            64.615601             184.000000            1.331243    NaN    NaN
25%     0.000000         5.0    873.000000           17.442615          5.528386   9.722559            66.053222             290.000000            4.016882    NaN    NaN
50%     1.000000         5.0   1233.000000           17.515797          5.744514  10.491968            67.286085             301.000000            4.683350    NaN    NaN
75%     2.000000         5.0   2865.000000           17.599775          5.981622  11.193420            68.503188             326.500000            5.507180    NaN    NaN
max     2.000000         5.0   3201.000000           17.665421          6.182973  13.295645            70.659941             357.000000            7.505101    NaN    NaN

