======================================================================
ANN ARCHITECTURE INVESTIGATION REPORT
======================================================================

Generated: 2025-11-08 14:15:25

OVERALL STATISTICS
----------------------------------------------------------------------
Total experiments run: 140
Unique architectures: 12
Best test loss: 7.860681
Worst test loss: 14.486197
Mean test loss: 10.045896
Std test loss: 1.270668

TOP 5 ARCHITECTURES
----------------------------------------------------------------------
            layers  test_loss  total_params  convergence_iteration
[8, 16, 16, 16, 1]   7.860681           705                    261
[8, 16, 32, 64, 1]   7.954200          2865                    282
    [8, 16, 16, 1]   8.081718           433                    213
[8, 16, 16, 16, 1]   8.093431           705                    279
    [8, 16, 16, 1]   8.149810           433                    251


DEPTH EXPERIMENT
----------------------------------------------------------------------
          run_id  num_layers  total_params  initial_train_loss  final_train_loss  test_loss  improvement_percent  convergence_iteration  generalization_gap      depth  width
count  40.000000   40.000000     40.000000           40.000000         40.000000  40.000000            40.000000              40.000000           40.000000  40.000000    0.0
mean    4.500000    3.500000    327.000000           16.676968          6.966352   9.612082            57.245062             212.000000            2.645731   3.500000    NaN
std     2.908872    1.132277    269.282046            1.022587          2.469128   1.188943            18.276356             119.516762            3.270803   1.132277    NaN
min     0.000000    2.000000      9.000000           13.797495          5.063130   8.081718            19.217321              10.000000           -2.590279   2.000000    NaN
25%     2.000000    2.750000    123.000000           16.114285          5.417657   8.555708            50.772882             165.500000           -0.084533   2.750000    NaN
50%     4.500000    3.500000    297.000000           17.122437          5.605884   9.360177            66.786468             260.000000            3.814542   3.500000    NaN
75%     7.000000    4.250000    501.000000           17.471928          8.284748  10.282734            68.214728             286.750000            4.817954   4.250000    NaN
max     9.000000    5.000000    705.000000           17.648777         11.145986  12.961101            70.959620             354.000000            7.453136   5.000000    NaN


WIDTH EXPERIMENT
----------------------------------------------------------------------
          run_id  num_layers  total_params  initial_train_loss  final_train_loss  test_loss  improvement_percent  convergence_iteration  generalization_gap  depth     width
count  50.000000        50.0     50.000000           50.000000         50.000000  50.000000            50.000000              50.000000           50.000000    0.0  50.00000
mean    4.500000         4.0   1365.000000           17.160432          5.720969  10.210049            66.654357             286.600000            4.489080    NaN  24.80000
std     2.901442         0.0   1798.197737            0.459967          0.527893   0.934265             3.077380              66.773758            1.240178    NaN  22.04263
min     0.000000         4.0     61.000000           15.699885          4.886183   8.468485            53.859049             132.000000            1.043002    NaN   4.00000
25%     2.000000         4.0    153.000000           16.886258          5.318774   9.651009            65.507727             241.250000            3.739248    NaN   8.00000
50%     4.500000         4.0    433.000000           17.338796          5.694504  10.045355            66.835889             297.500000            4.491769    NaN  16.00000
75%     7.000000         4.0   1377.000000           17.515829          6.017629  10.684414            68.841645             327.750000            5.063887    NaN  32.00000
max     9.000000         4.0   4801.000000           17.645723          7.591246  12.220147            71.169560             426.000000            7.077672    NaN  64.00000


SHAPE EXPERIMENT
----------------------------------------------------------------------
          run_id  num_layers  total_params  initial_train_loss  final_train_loss  test_loss  improvement_percent  convergence_iteration  generalization_gap  depth  width
count  50.000000        50.0     50.000000           50.000000         50.000000  50.000000            50.000000              50.000000           50.000000    0.0    0.0
mean    4.500000         5.0   1775.400000           17.470959          5.860363  10.228794            66.441887             298.360000            4.368432    NaN    NaN
std     2.901442         0.0   1056.934651            0.172494          0.596945   1.538498             3.574462              42.468601            1.592571    NaN    NaN
min     0.000000         5.0    705.000000           16.863674          4.854834   7.860681            52.047627             187.000000            0.300212    NaN    NaN
25%     2.000000         5.0    873.000000           17.421107          5.534280   9.075400            65.191384             276.250000            3.168196    NaN    NaN
50%     4.500000         5.0   1233.000000           17.520551          5.775110   9.957687            67.161002             297.000000            4.208056    NaN    NaN
75%     7.000000         5.0   2865.000000           17.576538          6.035899  11.123089            68.396260             322.750000            5.408176    NaN    NaN
max     9.000000         5.0   3201.000000           17.657315          8.245129  14.486197            72.128983             394.000000            7.771827    NaN    NaN

